362901898439
-0.008522 -0.005326 -0.001065
0.124498 -0.196325 9.662998
362901903224
-0.009587 -0.004261 -0.001065
0.134075 -0.196325 9.658210
362901908317
-0.007457 -0.004261 0.000000
0.119710 -0.191536 9.648633
362901913449
-0.007457 -0.004261 -0.001065
0.124498 -0.201113 9.643845
362901918640
-0.008522 -0.005326 -0.001065
0.119710 -0.210690 9.648633
362901923429
-0.008522 -0.005326 -0.001065
0.124498 -0.201113 9.658210
362901928500
-0.008522 -0.005326 0.000000
0.129287 -0.196325 9.648633
362901933461
-0.010653 -0.005326 -0.002131
0.114922 -0.191536 9.653421
362901938435
-0.009587 -0.003196 -0.002131
0.119710 -0.205901 9.639056
